{
  "keyframes": [
    {
      "matrix": "[0.984807789325714,-0.17364819347858415,-2.7755576684426386e-17,0,1.3928591613421304e-10,7.899294551805269e-10,1,0,-0.17364819347858415,-0.9848077893257141,8.021154050085626e-10,0,-0.204382538795471,-0.1349176764488217,0.007282187696546426,1]",
      "fov": 50,
      "aspect": 1,
      "properties": "[[\"FOV\",50],[\"NAME\",\"Camera 0\"],[\"TIME\",0]]"
    },
    {
      "matrix": "[0.9762960076332091,-0.21643963456153908,0,0,1.7171512822766746e-10,7.745566410477524e-10,1.0000000000000004,0,-0.21643963456153908,-0.9762960076332093,7.93362601778492e-10,0,-0.2535546123981479,-0.1251367479562755,0.007282187696546388,1]",
      "fov": 50,
      "aspect": 1,
      "properties": "[[\"FOV\",50],[\"NAME\",\"Camera 1\"],[\"TIME\",0.023809523809523815]]"
    },
    {
      "matrix": "[0.9659259316586003,-0.25881907443563323,0,0,2.731058434585574e-10,1.0192449105551602e-9,0.99999999986395,0,-0.2588190426029211,-0.9659258128573021,1.0551999130626098e-9,0,-0.30225321650505044,-0.11322025209665254,0.0072821876965462615,1]",
      "fov": 50,
      "aspect": 1,
      "properties": "[[\"FOV\",50],[\"NAME\",\"Camera 2\"],[\"TIME\",0.04761904761904763]]"
    },
    {
      "matrix": "[0.9537169337272642,-0.3007057905197151,-2.7755575090080158e-17,0,2.3194840492735125e-10,7.356462106145045e-10,1,0,-0.3007057905197151,-0.9537169337272641,7.713464165666892e-10,0,-0.3503856956958776,-0.09919093549251468,0.007282187696546352,1]",
      "fov": 50,
      "aspect": 1,
      "properties": "[[\"FOV\",50],[\"NAME\",\"Camera 3\"],[\"TIME\",0.07142857142857142]]"
    },
    {
      "matrix": "[0.9396926164627074,-0.342020153999329,0,0,2.592940306911373e-10,7.124044687500941e-10,1,0,-0.342020153999329,-0.9396926164627075,7.581250069041412e-10,0,-0.39786040782928467,-0.08307544887065821,0.007282187696546296,1]",
      "fov": 50,
      "aspect": 1,
      "properties": "[[\"FOV\",50],[\"NAME\",\"Camera 4\"],[\"TIME\",0.09523809523809526]]"
    },
    {
      "matrix": "[0.9238795638084408,-0.38268342614173934,0,0,2.84510054404663e-10,6.868681179383883e-10,0.9999999999999997,0,-0.3826834261417393,-0.9238795638084406,7.434607571443461e-10,0,-0.44458696246147167,-0.06490447372198016,0.007282187696546488,1]",
      "fov": 50,
      "aspect": 1,
      "properties": "[[\"FOV\",50],[\"NAME\",\"Camera 5\"],[\"TIME\",0.11904761904761904]]"
    },
    {
      "matrix": "[0.9063078165054319,-0.42261826992034957,5.551115290573261e-17,0,3.0740421319563893e-10,6.592307810748821e-10,1,0,-0.42261826992034957,-0.9063078165054319,7.273806221373559e-10,0,-0.49047645926475547,-0.044712603092192826,0.007282187696546258,1]",
      "fov": 50,
      "aspect": 1,
      "properties": "[[\"FOV\",50],[\"NAME\",\"Camera 6\"],[\"TIME\",0.14285714285714285]]"
    },
    {
      "matrix": "[0.887010872364044,-0.46174862980842635,-2.775557679277035e-17,0,3.2780253511610624e-10,6.297028454227416e-10,0.9999999999999999,0,-0.46174862980842635,-0.8870108723640439,7.099156008817115e-10,0,-0.5354415774345398,-0.02253830246627231,0.0072821876965463534,1]",
      "fov": 50,
      "aspect": 1,
      "properties": "[[\"FOV\",50],[\"NAME\",\"Camera 7\"],[\"TIME\",0.16666666666666666]]"
    },
    {
      "matrix": "[0.866025447845459,-0.5,0,0,3.455496999649199e-10,5.985096862559658e-10,0.9999999999999999,0,-0.5,-0.8660254478454589,6.910994263007853e-10,0,-0.5793966054916379,0.0015762251568963714,0.007282187696546334,1]",
      "fov": 50,
      "aspect": 1,
      "properties": "[[\"FOV\",50],[\"NAME\",\"Camera 8\"],[\"TIME\",0.1904761904761904]]"
    },
    {
      "matrix": "[0.8433914780616758,-0.5372996330261233,0,0,3.605108434001636e-10,5.658886692572196e-10,1,0,-0.5372996330261233,-0.8433914780616758,6.709680860376017e-10,0,-0.6222579479217529,0.027585180476308424,0.007282187696546538,1]",
      "fov": 50,
      "aspect": 1,
      "properties": "[[\"FOV\",50],[\"NAME\",\"Camera 9\"],[\"TIME\",0.21428571428571425]]"
    },
    {
      "matrix": "[0.8191520571708677,-0.5735764503479006,0,0,3.7257152918357406e-10,5.320872631386919e-10,1,0,-0.5735764503479006,-0.8191520571708677,6.495586411757619e-10,0,-0.6639440059661863,0.05543891713023252,0.007282187696546324,1]",
      "fov": 50,
      "aspect": 1,
      "properties": "[[\"FOV\",50],[\"NAME\",\"Camera 10\"],[\"TIME\",0.23809523809523808]]"
    },
    {
      "matrix": "[0.793353319168091,-0.6087614297866821,0,0,3.816408300494345e-10,4.97364038842818e-10,0.9999999999999999,0,-0.6087614297866821,-0.7933533191680909,6.269136219089858e-10,0,-0.7043753862380977,0.08508446067571696,0.007282187696546397,1]",
      "fov": 50,
      "aspect": 1,
      "properties": "[[\"FOV\",50],[\"NAME\",\"Camera 11\"],[\"TIME\",0.2619047619047618]]"
    },
    {
      "matrix": "[0.7660444974899292,-0.6427876353263854,0,0,3.8764913501410087e-10,4.619823412710388e-10,0.9999999999999998,0,-0.6427876353263853,-0.7660444974899289,6.030750694132075e-10,0,-0.7434752583503719,0.11646533012390192,0.00728218769654639,1]",
      "fov": 50,
      "aspect": 1,
      "properties": "[[\"FOV\",50],[\"NAME\",\"Camera 12\"],[\"TIME\",0.2857142857142857]]"
    },
    {
      "matrix": "[0.7372773885726931,-0.6755902171134948,5.55111537059457e-17,0,3.905509804447149e-10,4.262119546183385e-10,0.9999999999999997,0,-0.6755902171134948,-0.7372773885726928,5.780889358460368e-10,0,-0.7811689972877499,0.1495218873023988,0.007282187696546338,1]",
      "fov": 50,
      "aspect": 1,
      "properties": "[[\"FOV\",50],[\"NAME\",\"Camera 13\"],[\"TIME\",0.3095238095238093]]"
    },
    {
      "matrix": "[0.7071068286895751,-0.7071068286895754,0,0,3.903236622804229e-10,3.903237733027254e-10,1,0,-0.7071067690849306,-0.7071067690849304,5.520011020396918e-10,0,-0.8173850178718565,0.18419122695922907,0.007282187696546225,1]",
      "fov": 50,
      "aspect": 1,
      "properties": "[[\"FOV\",50],[\"NAME\",\"Camera 14\"],[\"TIME\",0.3333333333333333]]"
    },
    {
      "matrix": "[0.6755902171134944,-0.7372773885726935,-1.110223074118914e-16,0,3.8696984505648397e-10,3.5459224445588683e-10,1,0,-0.7372773885726935,-0.6755902171134945,5.248630653158575e-10,0,-0.8520543575286869,0.22040724754333563,0.007282187696546384,1]",
      "fov": 50,
      "aspect": 1,
      "properties": "[[\"FOV\",50],[\"NAME\",\"Camera 15\"],[\"TIME\",0.35714285714285715]]"
    },
    {
      "matrix": "[0.6427876353263849,-0.7660444974899295,-2.2204461783282625e-16,0,3.8051461981325474e-10,3.192894837411586e-10,1,0,-0.7660444974899295,-0.642787635326385,4.967264666352488e-10,0,-0.8851109147071836,0.25810095667839117,0.007282187696546326,1]",
      "fov": 50,
      "aspect": 1,
      "properties": "[[\"FOV\",50],[\"NAME\",\"Camera 16\"],[\"TIME\",0.3809523809523808]]"
    },
    {
      "matrix": "[0.6087614297866816,-0.793353319168091,5.551115032728514e-17,0,3.710068363638186e-10,2.8468361001898757e-10,1,0,-0.793353319168091,-0.6087614297866815,4.676439159697561e-10,0,-0.9164917469024658,0.29720082879066545,0.007282187696546269,1]",
      "fov": 50,
      "aspect": 1,
      "properties": "[[\"FOV\",50],[\"NAME\",\"Camera 17\"],[\"TIME\",0.4047619047619049]]"
    },
    {
      "matrix": "[0.5735764503479002,-0.8191520571708679,0,0,3.585189922716836e-10,2.510377461462099e-10,1,0,-0.8191520571708679,-0.5735764503479002,4.376709076545379e-10,0,-0.9461373090744011,0.33763223886489935,0.007282187696546369,1]",
      "fov": 50,
      "aspect": 1,
      "properties": "[[\"FOV\",50],[\"NAME\",\"Camera 18\"],[\"TIME\",0.4285714285714285]]"
    },
    {
      "matrix": "[0.5372996330261228,-0.843391478061676,5.55111534771575e-17,0,3.4314645569466506e-10,2.1860835364151399e-10,1,0,-0.843391478061676,-0.5372996330261229,4.068650026077755e-10,0,-0.9739910364150994,0.37931829690933283,0.007282187696546246,1]",
      "fov": 50,
      "aspect": 1,
      "properties": "[[\"FOV\",50],[\"NAME\",\"Camera 19\"],[\"TIME\",0.45238095238095233]]"
    },
    {
      "matrix": "[0.4999999999999996,-0.8660254478454592,5.55111533494503e-17,0,3.2500618862840724e-10,1.876423461055765e-10,1,0,-0.8660254478454594,-0.4999999999999997,3.752847065312526e-10,0,-0.9999999999999996,0.4221796095371254,0.007282187696546432,1]",
      "fov": 50,
      "aspect": 1,
      "properties": "[[\"FOV\",50],[\"NAME\",\"Camera 20\"],[\"TIME\",0.47619047619047616]]"
    },
    {
      "matrix": "[0.984807789325714,0.17364819347858437,-1.3877788342213193e-17,0,-1.417638090250861e-10,8.039826582262321e-10,0.9999999999999998,0,0.17364819347858437,-0.984807789325714,8.163853241381734e-10,0,0.1946990936994552,-0.1349176764488214,0.007282187696546334,1]",
      "fov": 50,
      "aspect": 1,
      "properties": "[[\"FOV\",50],[\"NAME\",\"Camera 21\"],[\"TIME\",0.5]]"
    },
    {
      "matrix": "[0.9762960076332092,0.2164396345615388,0,0,-1.7556474329882832e-10,7.919213063090069e-10,1,0,0.21643963456153884,-0.9762960076332092,8.111488188105025e-10,0,0.24387116730213157,-0.12513674795627558,0.007282187696546226,1]",
      "fov": 50,
      "aspect": 1,
      "properties": "[[\"FOV\",50],[\"NAME\",\"Camera 22\"],[\"TIME\",0.5238095238095236]]"
    },
    {
      "matrix": "[0.9659259316586003,0.258819074435633,0,0,-2.786105235029293e-10,1.0397888104669363e-9,0.9999999998639497,0,0.258819042602921,-0.965925812857302,1.0764685662779556e-9,0,0.2925697565078733,-0.11322025209665276,0.007282187696546336,1]",
      "fov": 50,
      "aspect": 1,
      "properties": "[[\"FOV\",50],[\"NAME\",\"Camera 23\"],[\"TIME\",0.5476190476190477]]"
    },
    {
      "matrix": "[0.9537169337272644,0.3007057905197142,5.5511150180160316e-17,0,-2.3937901660886496e-10,7.592129147582227e-10,1.0000000000000002,0,0.3007057905197142,-0.9537169337272645,7.960568720024864e-10,0,0.34070223569869973,-0.09919093549251518,0.007282187696546346,1]",
      "fov": 50,
      "aspect": 1,
      "properties": "[[\"FOV\",50],[\"NAME\",\"Camera 24\"],[\"TIME\",0.5714285714285714]]"
    },
    {
      "matrix": "[0.9396926164627075,0.34202015399932867,-2.7755575604197136e-17,0,-2.689064249050688e-10,7.388141209929699e-10,1,0,0.34202015399932867,-0.9396926164627076,7.862295256048343e-10,0,0.3881769478321074,-0.08307544887065843,0.007282187696546098,1]",
      "fov": 50,
      "aspect": 1,
      "properties": "[[\"FOV\",50],[\"NAME\",\"Camera 25\"],[\"TIME\",0.5952380952380952]]"
    },
    {
      "matrix": "[0.9238795638084409,0.382683426141739,0,0,-2.965440115687556e-10,7.159206560913842e-10,0.9999999999999997,0,0.38268342614173895,-0.9238795638084406,7.749069369728026e-10,0,0.4349035322666166,-0.06490447372198038,0.007282187696546239,1]",
      "fov": 50,
      "aspect": 1,
      "properties": "[[\"FOV\",50],[\"NAME\",\"Camera 26\"],[\"TIME\",0.6190476190476188]]"
    },
    {
      "matrix": "[0.9063078165054321,0.42261826992034923,8.326672935859892e-17,0,-3.220808064696712e-10,6.907042715553757e-10,1.0000000000000002,0,0.4226182699203492,-0.9063078165054324,7.621078442836532e-10,0,0.4807930290699002,-0.04471260309219294,0.00728218769654619,1]",
      "fov": 50,
      "aspect": 1,
      "properties": "[[\"FOV\",50],[\"NAME\",\"Camera 27\"],[\"TIME\",0.6428571428571429]]"
    },
    {
      "matrix": "[0.8870108723640441,0.461748629808426,2.775557679277035e-17,0,-3.453229369121402e-10,6.633591453919507e-10,1,0,0.461748629808426,-0.8870108723640442,7.478591396920361e-10,0,0.5257581472396848,-0.022538302466272864,0.007282187696546505,1]",
      "fov": 50,
      "aspect": 1,
      "properties": "[[\"FOV\",50],[\"NAME\",\"Camera 28\"],[\"TIME\",0.6666666666666666]]"
    },
    {
      "matrix": "[0.866025447845459,0.5,-5.55111533494503e-17,0,-3.6609304476797883e-10,6.340920011282946e-10,0.9999999999999998,0,0.4999999999999999,-0.8660254478454588,7.321863395193009e-10,0,0.5697131752967832,0.0015762251568961494,0.007282187696546349,1]",
      "fov": 50,
      "aspect": 1,
      "properties": "[[\"FOV\",50],[\"NAME\",\"Camera 29\"],[\"TIME\",0.6904761904761905]]"
    },
    {
      "matrix": "[0.8433914780616758,0.5372996330261232,0,0,-3.8423342285653916e-10,6.031253274585424e-10,1.0000000000000002,0,0.5372996330261232,-0.843391478061676,7.151192150225798e-10,0,0.612574517726898,0.027585180476308535,0.007282187696546496,1]",
      "fov": 50,
      "aspect": 1,
      "properties": "[[\"FOV\",50],[\"NAME\",\"Camera 30\"],[\"TIME\",0.7142857142857144]]"
    },
    {
      "matrix": "[0.8191520571708677,0.5735764503479006,5.551115226268171e-17,0,-3.996057373889528e-10,5.706959349538465e-10,1,0,0.5735764503479006,-0.8191520571708678,6.966911621605235e-10,0,0.6542605757713315,0.05543891713023252,0.007282187696546267,1]",
      "fov": 50,
      "aspect": 1,
      "properties": "[[\"FOV\",50],[\"NAME\",\"Camera 31\"],[\"TIME\",0.738095238095238]]"
    },
    {
      "matrix": "[0.7933533191680906,0.6087614297866821,5.551115032728514e-17,0,-4.1209319290302915e-10,5.370502931256738e-10,1,0,0.6087614297866821,-0.7933533191680907,6.76937050937216e-10,0,0.694691956043243,0.08508446067571696,0.007282187696546247,1]",
      "fov": 50,
      "aspect": 1,
      "properties": "[[\"FOV\",50],[\"NAME\",\"Camera 32\"],[\"TIME\",0.7619047619047619]]"
    },
    {
      "matrix": "[0.7660444974899292,0.6427876353263853,0,0,-4.21601142885919e-10,5.024445304258052e-10,1,0,0.6427876353263854,-0.7660444974899292,6.558949320809715e-10,0,0.7337918281555171,0.11646533012390181,0.00728218769654633,1]",
      "fov": 50,
      "aspect": 1,
      "properties": "[[\"FOV\",50],[\"NAME\",\"Camera 33\"],[\"TIME\",0.7857142857142856]]"
    },
    {
      "matrix": "[0.7372773885726929,0.6755902171134952,5.55111537059457e-17,0,-4.2805631261799704e-10,4.671412145995646e-10,1.0000000000000002,0,0.6755902171134952,-0.737277388572693,6.336033091988974e-10,0,0.7714855670928951,0.14952188730239913,0.007282187696546448,1]",
      "fov": 50,
      "aspect": 1,
      "properties": "[[\"FOV\",50],[\"NAME\",\"Camera 34\"],[\"TIME\",0.8095238095238095]]"
    },
    {
      "matrix": "[0.7071068286895753,0.7071068286895752,5.55111549604651e-17,0,-4.31410629442297e-10,4.314105739311458e-10,1,0,0.7071067690849304,-0.7071067690849306,6.101066214404601e-10,0,0.8077015280723566,0.18419122695922885,0.007282187696546245,1]",
      "fov": 50,
      "aspect": 1,
      "properties": "[[\"FOV\",50],[\"NAME\",\"Camera 35\"],[\"TIME\",0.8333333333333331]]"
    },
    {
      "matrix": "[0.6755902171134952,0.7372773885726926,-5.55111537059457e-17,0,-4.316374480062279e-10,3.955230587493474e-10,0.9999999999999998,0,0.7372773885726926,-0.6755902171134951,5.85448049492834e-10,0,0.8423709273338315,0.22040724754333496,0.007282187696546291,1]",
      "fov": 50,
      "aspect": 1,
      "properties": "[[\"FOV\",50],[\"NAME\",\"Camera 36\"],[\"TIME\",0.8571428571428571]]"
    },
    {
      "matrix": "[0.6427876353263854,0.7660444974899292,1.6653346337461968e-16,0,-4.2873599115367256e-10,3.597520059628323e-10,1,0,0.7660444974899292,-0.6427876353263853,5.596750055677659e-10,0,0.8754274845123285,0.25810095667839106,0.007282187696546425,1]",
      "fov": 50,
      "aspect": 1,
      "properties": "[[\"FOV\",50],[\"NAME\",\"Camera 37\"],[\"TIME\",0.8809523809523808]]"
    },
    {
      "matrix": "[0.6087614297866821,0.7933533191680908,-5.551115032728515e-17,0,-4.2272740863325e-10,3.243701973687507e-10,1,0,0.793353319168091,-0.6087614297866822,5.328362109141198e-10,0,0.9068083167076105,0.2972008287906649,0.007282187696546396,1]",
      "fov": 50,
      "aspect": 1,
      "properties": "[[\"FOV\",50],[\"NAME\",\"Camera 38\"],[\"TIME\",0.9047619047619047]]"
    },
    {
      "matrix": "[0.5735764503479004,0.8191520571708679,1.6653345678804513e-16,0,-4.1365827430084323e-10,2.896464179613645e-10,1,0,0.8191520571708679,-0.5735764503479005,5.049833978213522e-10,0,0.9364538788795466,0.3376322388648988,0.007282187696546358,1]",
      "fov": 50,
      "aspect": 1,
      "properties": "[[\"FOV\",50],[\"NAME\",\"Camera 39\"],[\"TIME\",0.9285714285714285]]"
    },
    {
      "matrix": "[0.5372996330261229,0.843391478061676,1.6653346043147249e-16,0,-4.015969223836181e-10,2.558451228651393e-10,1.0000000000000004,0,0.8433914780616762,-0.5372996330261232,4.761687903447885e-10,0,0.9643076062202447,0.3793182969093326,0.0072821876965462815,1]",
      "fov": 50,
      "aspect": 1,
      "properties": "[[\"FOV\",50],[\"NAME\",\"Camera 40\"],[\"TIME\",0.9523809523809523]]"
    },
    {
      "matrix": "[0.5000000000000001,0.866025447845459,5.55111533494503e-17,0,-3.866364450821891e-10,2.2322454995560292e-10,1,0,0.866025447845459,-0.5000000000000002,4.4644922796910086e-10,0,0.9903165698051447,0.42217960953712497,0.0072821876965463925,1]",
      "fov": 50,
      "aspect": 1,
      "properties": "[[\"FOV\",50],[\"NAME\",\"Camera 41\"],[\"TIME\",0.9761904761904762]]"
    }
  ],
  "camera_type": "perspective",
  "render_height": 1280,
  "render_width": 1280,
  "camera_path": [
    {
      "camera_to_world": [
        0.9848077514032423,
        1.3928590150091607e-10,
        -0.1736481867918288,
        -0.204382538795471,
        -0.1736481867918288,
        7.899294905858576e-10,
        -0.9848077514032423,
        -0.1349176764488217,
        -1.172566348882244e-17,
        1,
        8.021154296322663e-10,
        0.007282187696546426,
        0,
        0,
        0,
        1
      ],
      "fov": 50,
      "aspect": 1
    },
    {
      "camera_to_world": [
        0.9762960027860579,
        1.7171513006524728e-10,
        -0.2164396334869514,
        -0.25355461239814786,
        -0.2164396334869514,
        7.745568991367191e-10,
        -0.9762960027860579,
        -0.1251367479562755,
        1.626335211164356e-17,
        1,
        7.93362764373029e-10,
        0.007282187696546388,
        0,
        0,
        0,
        1
      ],
      "fov": 50,
      "aspect": 1
    },
    {
      "camera_to_world": [
        0.9659258260142106,
        2.7310583738535656e-10,
        -0.25881904612830403,
        -0.30225321650505044,
        -0.25881904612830403,
        1.0192448618688138e-9,
        -0.9659258260142106,
        -0.11322025209665254,
        1.3543081787449216e-18,
        1,
        1.0551999274355237e-9,
        0.007282187696546263,
        0,
        0,
        0,
        1
      ],
      "fov": 50,
      "aspect": 1
    },
    {
      "camera_to_world": [
        0.9537169517857892,
        2.319484110348963e-10,
        -0.3007057962135461,
        -0.3503856956958776,
        -0.3007057962135461,
        7.356463201907837e-10,
        -0.9537169517857892,
        -0.09919093549251468,
        -1.9099223718176756e-17,
        1,
        7.713465977055023e-10,
        0.007282187696546352,
        0,
        0,
        0,
        1
      ],
      "fov": 50,
      "aspect": 1
    },
    {
      "camera_to_world": [
        0.9396926168497416,
        2.59294040796389e-10,
        -0.3420201541401979,
        -0.39786040782928456,
        -0.3420201541401979,
        7.124045277390666e-10,
        -0.9396926168497416,
        -0.08307544887065821,
        1.0657987997234833e-17,
        1,
        7.581250627275436e-10,
        0.007282187696546296,
        0,
        0,
        0,
        1
      ],
      "fov": 50,
      "aspect": 1
    },
    {
      "camera_to_world": [
        0.9238795392949352,
        2.8451004905484306e-10,
        -0.38268341598791333,
        -0.44458696246147167,
        -0.38268341598791333,
        6.868681223700146e-10,
        -0.9238795392949352,
        -0.06490447372198016,
        2.6356193434727788e-17,
        1,
        7.434606819067824e-10,
        0.007282187696546488,
        0,
        0,
        0,
        1
      ],
      "fov": 50,
      "aspect": 1
    },
    {
      "camera_to_world": [
        0.9063077891669691,
        3.0740418520793493e-10,
        -0.4226182571722153,
        -0.49047645926475547,
        -0.4226182571722152,
        6.592306447272234e-10,
        -0.9063077891669693,
        -0.044712603092192826,
        9.867265788940262e-17,
        1,
        7.27380489173868e-10,
        0.007282187696546258,
        0,
        0,
        0,
        1
      ],
      "fov": 50,
      "aspect": 1
    },
    {
      "camera_to_world": [
        0.8870108347450366,
        3.2780252048357103e-10,
        -0.4617486102252108,
        -0.5354415774345398,
        -0.4617486102252108,
        6.297027444555168e-10,
        -0.8870108347450366,
        -0.02253830246627231,
        -2.0218323399934954e-17,
        1,
        7.099155152623384e-10,
        0.0072821876965463534,
        0,
        0,
        0,
        1
      ],
      "fov": 50,
      "aspect": 1
    },
    {
      "camera_to_world": [
        0.8660254147996932,
        3.4554967114716705e-10,
        -0.4999999809210192,
        -0.5793966054916379,
        -0.4999999809210192,
        5.985095253198487e-10,
        -0.8660254147996932,
        0.0015762251568963714,
        -4.60481502746344e-17,
        1,
        6.910992889075375e-10,
        0.007282187696546334,
        0,
        0,
        0,
        1
      ],
      "fov": 50,
      "aspect": 1
    },
    {
      "camera_to_world": [
        0.8433914439392964,
        3.605108337683081e-10,
        -0.5372996112877699,
        -0.6222579479217529,
        -0.5372996112877699,
        5.658886818938107e-10,
        -0.8433914439392964,
        0.027585180476308424,
        1.6166079936757357e-17,
        1,
        6.70968003380068e-10,
        0.007282187696546538,
        0,
        0,
        0,
        1
      ],
      "fov": 50,
      "aspect": 1
    },
    {
      "camera_to_world": [
        0.8191520419506289,
        3.725715380484795e-10,
        -0.5735764396905745,
        -0.6639440059661863,
        -0.5735764396905745,
        5.32087268860195e-10,
        -0.8191520419506289,
        0.05543891713023252,
        -1.4887586273272947e-17,
        1,
        6.495586291066502e-10,
        0.007282187696546324,
        0,
        0,
        0,
        1
      ],
      "fov": 50,
      "aspect": 1
    },
    {
      "camera_to_world": [
        0.7933533320874723,
        3.8164077860908303e-10,
        -0.6087614397000725,
        -0.7043753862380977,
        -0.6087614397000723,
        4.973639301710852e-10,
        -0.7933533320874725,
        0.08508446067571696,
        -1.1841372744080623e-18,
        1,
        6.269135210956734e-10,
        0.007282187696546397,
        0,
        0,
        0,
        1
      ],
      "fov": 50,
      "aspect": 1
    },
    {
      "camera_to_world": [
        0.7660444529585849,
        3.876491710875747e-10,
        -0.6427875979601523,
        -0.7434752583503719,
        -0.6427875979601522,
        4.6198219691159676e-10,
        -0.7660444529585851,
        0.11646533012390192,
        -7.055247077913254e-17,
        1,
        6.030749788443758e-10,
        0.00728218769654639,
        0,
        0,
        0,
        1
      ],
      "fov": 50,
      "aspect": 1
    },
    {
      "camera_to_world": [
        0.7372773557048585,
        3.9055100016496377e-10,
        -0.6755901869956754,
        -0.7811689972877499,
        -0.6755901869956753,
        4.262117402168222e-10,
        -0.7372773557048586,
        0.1495218873023988,
        6.060332285181463e-17,
        1,
        5.780886880302207e-10,
        0.007282187696546338,
        0,
        0,
        0,
        1
      ],
      "fov": 50,
      "aspect": 1
    },
    {
      "camera_to_world": [
        0.7071067811865475,
        3.9032368752145607e-10,
        -0.7071067811865477,
        -0.8173850178718565,
        -0.7071067811865477,
        3.903237707881829e-10,
        -0.7071067811865475,
        0.18419122695922907,
        5.887846727865407e-17,
        1,
        5.520011114867884e-10,
        0.007282187696546225,
        0,
        0,
        0,
        1
      ],
      "fov": 50,
      "aspect": 1
    },
    {
      "camera_to_world": [
        0.6755901869956749,
        3.8696985684515e-10,
        -0.7372773557048591,
        -0.8520543575286869,
        -0.7372773557048591,
        3.5459240791387427e-10,
        -0.6755901869956749,
        0.22040724754333563,
        -8.508794441191637e-17,
        1,
        5.24863263962061e-10,
        0.007282187696546384,
        0,
        0,
        0,
        1
      ],
      "fov": 50,
      "aspect": 1
    },
    {
      "camera_to_world": [
        0.6427875979601518,
        3.805146362948623e-10,
        -0.7660444529585854,
        -0.8851109147071836,
        -0.7660444529585854,
        3.192894698152934e-10,
        -0.6427875979601518,
        0.25810095667839117,
        -1.6181256214285988e-16,
        1,
        4.967264377597758e-10,
        0.007282187696546326,
        0,
        0,
        0,
        1
      ],
      "fov": 50,
      "aspect": 1
    },
    {
      "camera_to_world": [
        0.608761439700072,
        3.7100680651119097e-10,
        -0.7933533320874726,
        -0.916491746902466,
        -0.7933533320874726,
        2.8468357323447226e-10,
        -0.608761439700072,
        0.29720082879066545,
        2.3745857921332974e-17,
        1,
        4.676438680739638e-10,
        0.007282187696546272,
        0,
        0,
        0,
        1
      ],
      "fov": 50,
      "aspect": 1
    },
    {
      "camera_to_world": [
        0.5735764396905741,
        3.585189649376012e-10,
        -0.8191520419506291,
        -0.9461373090744011,
        -0.8191520419506291,
        2.5103768537331573e-10,
        -0.5735764396905741,
        0.33763223886489935,
        1.1096520900907117e-18,
        1,
        4.376708440112509e-10,
        0.007282187696546369,
        0,
        0,
        0,
        1
      ],
      "fov": 50,
      "aspect": 1
    },
    {
      "camera_to_world": [
        0.5372996112877696,
        3.4314654561074194e-10,
        -0.8433914439392965,
        -0.9739910364150994,
        -0.8433914439392965,
        2.1860845255773642e-10,
        -0.5372996112877696,
        0.37931829690933283,
        -7.111388022542625e-18,
        1,
        4.0686509716891795e-10,
        0.007282187696546246,
        0,
        0,
        0,
        1
      ],
      "fov": 50,
      "aspect": 1
    },
    {
      "camera_to_world": [
        0.49999998092101866,
        3.250061049868117e-10,
        -0.8660254147996935,
        -0.9999999999999996,
        -0.8660254147996933,
        1.8764229781508127e-10,
        -0.49999998092101877,
        0.4221796095371254,
        -4.749334709453268e-17,
        1,
        3.752846922111531e-10,
        0.007282187696546432,
        0,
        0,
        0,
        1
      ],
      "fov": 50,
      "aspect": 1
    },
    {
      "camera_to_world": [
        0.9848077514032422,
        -1.417638064634863e-10,
        0.17364818679182903,
        0.1946990936994552,
        0.17364818679182903,
        8.039825114260134e-10,
        -0.9848077514032422,
        -0.1349176764488214,
        -9.847797855409403e-18,
        1,
        8.163852371900759e-10,
        0.007282187696546334,
        0,
        0,
        0,
        1
      ],
      "fov": 50,
      "aspect": 1
    },
    {
      "camera_to_world": [
        0.9762960027860578,
        -1.7556475228879795e-10,
        0.2164396334869512,
        0.24387116730213157,
        0.21643963348695114,
        7.919214023712869e-10,
        -0.976296002786058,
        -0.12513674795627558,
        -1.2190035860469653e-17,
        1,
        8.111488702944316e-10,
        0.007282187696546226,
        0,
        0,
        0,
        1
      ],
      "fov": 50,
      "aspect": 1
    },
    {
      "camera_to_world": [
        0.9659258260142105,
        -2.786105242929394e-10,
        0.25881904612830403,
        0.2925697565078733,
        0.25881904612830403,
        1.0397886434123937e-9,
        -0.9659258260142105,
        -0.11322025209665276,
        -4.0491292832677e-18,
        1,
        1.076468414407117e-9,
        0.007282187696546336,
        0,
        0,
        0,
        1
      ],
      "fov": 50,
      "aspect": 1
    },
    {
      "camera_to_world": [
        0.9537169517857896,
        -2.3937903260428595e-10,
        0.30070579621354515,
        0.34070223569869973,
        0.3007057962135452,
        7.592130869198607e-10,
        -0.9537169517857894,
        -0.09919093549251518,
        6.549881054239651e-17,
        1,
        7.960570536091891e-10,
        0.007282187696546346,
        0,
        0,
        0,
        1
      ],
      "fov": 50,
      "aspect": 1
    },
    {
      "camera_to_world": [
        0.9396926168497417,
        -2.6890644604544477e-10,
        0.34202015414019754,
        0.3881769478321074,
        0.34202015414019754,
        7.388142796896351e-10,
        -0.9396926168497417,
        -0.08307544887065843,
        2.815177982620048e-17,
        1,
        7.862297479732659e-10,
        0.007282187696546098,
        0,
        0,
        0,
        1
      ],
      "fov": 50,
      "aspect": 1
    },
    {
      "camera_to_world": [
        0.9238795392949354,
        -2.9654403385605887e-10,
        0.3826834159879131,
        0.4349035322666166,
        0.3826834159879131,
        7.159205815281598e-10,
        -0.9238795392949354,
        -0.06490447372198038,
        3.166434791028164e-17,
        1,
        7.749068609008704e-10,
        0.007282187696546239,
        0,
        0,
        0,
        1
      ],
      "fov": 50,
      "aspect": 1
    },
    {
      "camera_to_world": [
        0.9063077891669694,
        -3.220807878366909e-10,
        0.42261825717221474,
        0.4807930290699002,
        0.42261825717221474,
        6.907043877219329e-10,
        -0.9063077891669694,
        -0.04471260309219294,
        4.2197182084969914e-17,
        1,
        7.621079878283863e-10,
        0.00728218769654619,
        0,
        0,
        0,
        1
      ],
      "fov": 50,
      "aspect": 1
    },
    {
      "camera_to_world": [
        0.8870108347450367,
        -3.4532293415490684e-10,
        0.4617486102252104,
        0.5257581472396848,
        0.4617486102252104,
        6.63359115809226e-10,
        -0.8870108347450367,
        -0.022538302466272864,
        3.427621474178544e-17,
        1,
        7.478591079745911e-10,
        0.007282187696546505,
        0,
        0,
        0,
        1
      ],
      "fov": 50,
      "aspect": 1
    },
    {
      "camera_to_world": [
        0.8660254147996932,
        -3.660930262492284e-10,
        0.4999999809210192,
        0.5697131752967832,
        0.4999999809210192,
        6.340918927250432e-10,
        -0.8660254147996932,
        0.0015762251568961494,
        -6.935193159885212e-17,
        1,
        7.321862005582604e-10,
        0.007282187696546349,
        0,
        0,
        0,
        1
      ],
      "fov": 50,
      "aspect": 1
    },
    {
      "camera_to_world": [
        0.8433914439392965,
        -3.8423346190808656e-10,
        0.5372996112877698,
        0.612574517726898,
        0.5372996112877698,
        6.031256038629036e-10,
        -0.8433914439392965,
        0.027585180476308535,
        6.173521627761325e-17,
        1,
        7.151194636456635e-10,
        0.0072821876965464966,
        0,
        0,
        0,
        1
      ],
      "fov": 50,
      "aspect": 1
    },
    {
      "camera_to_world": [
        0.819152041950629,
        -3.996057299484995e-10,
        0.5735764396905745,
        0.6542605757713315,
        0.5735764396905745,
        5.706960422889744e-10,
        -0.819152041950629,
        0.05543891713023252,
        4.558087351676014e-17,
        1,
        6.966912602379693e-10,
        0.007282187696546267,
        0,
        0,
        0,
        1
      ],
      "fov": 50,
      "aspect": 1
    },
    {
      "camera_to_world": [
        0.7933533320874723,
        -4.1209323950972414e-10,
        0.6087614397000725,
        0.694691956043243,
        0.6087614397000725,
        5.370502983535483e-10,
        -0.7933533320874723,
        0.08508446067571696,
        3.1878700909279216e-17,
        1,
        6.769371174719652e-10,
        0.007282187696546247,
        0,
        0,
        0,
        1
      ],
      "fov": 50,
      "aspect": 1
    },
    {
      "camera_to_world": [
        0.766044452958585,
        -4.2160111476897753e-10,
        0.6427875979601522,
        0.7337918281555171,
        0.6427875979601522,
        5.024446356952162e-10,
        -0.766044452958585,
        0.11646533012390181,
        1.4843439282089474e-17,
        1,
        6.558948939527909e-10,
        0.00728218769654633,
        0,
        0,
        0,
        1
      ],
      "fov": 50,
      "aspect": 1
    },
    {
      "camera_to_world": [
        0.7372773557048584,
        -4.280563541272895e-10,
        0.6755901869956755,
        0.7714855670928951,
        0.6755901869956755,
        4.67141398676889e-10,
        -0.7372773557048584,
        0.14952188730239913,
        1.119780896528896e-16,
        1,
        6.336034474863084e-10,
        0.007282187696546448,
        0,
        0,
        0,
        1
      ],
      "fov": 50,
      "aspect": 1
    },
    {
      "camera_to_world": [
        0.7071067811865476,
        -4.314106220941569e-10,
        0.7071067811865475,
        0.8077015280723566,
        0.7071067811865475,
        4.314106082163691e-10,
        -0.7071067811865476,
        0.18419122695922885,
        9.813077957323861e-18,
        1,
        6.101067429042928e-10,
        0.007282187696546245,
        0,
        0,
        0,
        1
      ],
      "fov": 50,
      "aspect": 1
    },
    {
      "camera_to_world": [
        0.6755901869956755,
        -4.3163741546108664e-10,
        0.7372773557048583,
        0.8423709273338315,
        0.7372773557048583,
        3.955228623937679e-10,
        -0.6755901869956755,
        0.22040724754333496,
        -4.788080816112594e-17,
        1,
        5.854478568600997e-10,
        0.007282187696546291,
        0,
        0,
        0,
        1
      ],
      "fov": 50,
      "aspect": 1
    },
    {
      "camera_to_world": [
        0.6427875979601522,
        -4.2873599085559746e-10,
        0.766044452958585,
        0.8754274845123285,
        0.766044452958585,
        3.597520334682932e-10,
        -0.6427875979601522,
        0.25810095667839106,
        1.2804217801332403e-16,
        1,
        5.596749730329975e-10,
        0.007282187696546425,
        0,
        0,
        0,
        1
      ],
      "fov": 50,
      "aspect": 1
    },
    {
      "camera_to_world": [
        0.6087614397000725,
        -4.227274326484277e-10,
        0.7933533320874724,
        0.9068083167076105,
        0.7933533320874724,
        3.243702713073965e-10,
        -0.6087614397000725,
        0.2972008287906649,
        -7.507206813477653e-17,
        1,
        5.328363306134065e-10,
        0.007282187696546396,
        0,
        0,
        0,
        1
      ],
      "fov": 50,
      "aspect": 1
    },
    {
      "camera_to_world": [
        0.5735764396905744,
        -4.136583515748855e-10,
        0.8191520419506289,
        0.9364538788795466,
        0.8191520419506291,
        2.896465137025953e-10,
        -0.5735764396905743,
        0.3376322388648988,
        1.5140123294193985e-16,
        1,
        5.049834994608203e-10,
        0.007282187696546358,
        0,
        0,
        0,
        1
      ],
      "fov": 50,
      "aspect": 1
    },
    {
      "camera_to_world": [
        0.5372996112877697,
        -4.015968654118467e-10,
        0.8433914439392967,
        0.9643076062202447,
        0.8433914439392967,
        2.5584529473693493e-10,
        -0.5372996112877697,
        0.3793182969093326,
        1.0712691348488494e-16,
        1,
        4.761689376131528e-10,
        0.0072821876965462815,
        0,
        0,
        0,
        1
      ],
      "fov": 50,
      "aspect": 1
    },
    {
      "camera_to_world": [
        0.4999999809210194,
        -3.866364520075981e-10,
        0.8660254147996931,
        0.9903165698051444,
        0.8660254147996931,
        2.2322455395398946e-10,
        -0.4999999809210194,
        0.42217960953712497,
        8.169568946358771e-17,
        1,
        4.4644926644465954e-10,
        0.0072821876965463925,
        0,
        0,
        0,
        1
      ],
      "fov": 50,
      "aspect": 1
    }
  ],
  "fps": 42,
  "seconds": 1,
  "smoothness_value": 0,
  "is_cycle": false,
  "crop": {
    "crop_bg_color": {
      "r": 0,
      "g": 0,
      "b": 0
    },
    "crop_center": [
      0,
      1.100000023841858,
      0
    ],
    "crop_scale": [
      2,
      0.800000011920929,
      0.800000011920929
    ]
  }
}